Best n: 1
RMSE: 0.00018
R2: 0.99999