RMSE: 0.00017
R2: 1.00000