RMSE: 0.00018
R2: 1.00000
