Best n: 4
RMSE: 0.00019
R2: 0.99999
