Best n: 10
RMSE: 0.00016
R2: 1.00000
